score
0.9324049801774178
0.9181663552565011
0.9345475568952075
0.9319047532735276
0.9348333790148707
0.93271449255658
0.9338095580506047
0.9325954392983105
0.9330955159493953
0.931714654106053
0.9312146908391201
0.9305717684532343
0.9301908867703327
0.9289765129726304
0.9285477856540654
0.9271190836280896
0.9270713909200694
0.9264999820505503
0.9260474621380667
0.9251189443744282
0.9247381223459264
0.9238806307530796
0.9238331364045133
0.923142759304695
0.9227618805598532
0.9220236718262956
0.9210712453692537
0.9200949753484592
0.9201426028539146
0.9189047001396539
0.9187140736620002
0.9178093654586148
0.9178569759876473
0.9176190365990511
0.9170711397020728
0.9165473159273014
0.9158092092366182
0.9151900198408697
0.9152139228322721
0.9141662639698452
0.9143807509269599
0.9129995404471394
0.9129756231885906
0.9124280578868806
0.9119280464646398